1,file:/Users/chloequinto/Documents/Mallet/sample-data/FPC_txt/2008-01.txt,1.47E-05,2.60E-05,0.028567013,0.082693836,0.142959938,3.51E-05,0.136187245,1.34E-05,0.149999806,0.140145594,0.248205113,2.52E-06,1.22E-06,0.037966683,0.033181806
2,file:/Users/chloequinto/Documents/Mallet/sample-data/FPC_txt/2008-02.txt,3.41E-04,3.53E-04,0.001479698,0.038695411,6.75E-05,0.19025855,0.013956928,2.13E-04,0.118189192,0.457780269,0.07748565,2.42E-04,1.18E-04,0.100452811,3.67E-04
3,file:/Users/chloequinto/Documents/Mallet/sample-data/FPC_txt/2008-03.txt,0.001415195,3.53E-04,4.06E-04,0.061250633,6.75E-05,0.187036375,0.021475335,2.13E-04,0.093485854,0.447039687,0.088226232,2.42E-04,1.18E-04,0.098304695,3.67E-04
4,file:/Users/chloequinto/Documents/Mallet/sample-data/FPC_txt/2008-04.txt,0.009009622,8.78E-04,0.021878219,0.133918397,1.34E-06,0.152818339,0.148080249,4.21E-06,0.112388195,0.249579656,0.126913894,4.78E-06,2.33E-06,0.044388574,1.35E-04
5,file:/Users/chloequinto/Documents/Mallet/sample-data/FPC_txt/2008-05.txt,0.001771462,9.85E-07,0.075653753,0.096065999,1.88E-07,0.150919205,0.118429455,1.56E-05,0.12909759,0.210631468,0.153187026,6.75E-07,8.12E-05,0.059584794,0.004560613
6,file:/Users/chloequinto/Documents/Mallet/sample-data/FPC_txt/2008-06.txt,3.43E-05,4.90E-06,0.059142018,0.098309877,2.32E-07,0.141967497,0.073102216,7.31E-07,0.138267615,0.177606912,0.140828913,4.51E-06,2.99E-05,0.130081839,0.040618526
7,file:/Users/chloequinto/Documents/Mallet/sample-data/FPC_txt/2008-07.txt,2.71E-05,1.22E-06,0.215464201,0.09663821,4.10E-05,0.015561864,0.128934734,4.64E-04,0.140159662,0.149081608,0.185629394,8.34E-07,7.81E-06,0.048767254,0.019221492
8,file:/Users/chloequinto/Documents/Mallet/sample-data/FPC_txt/2008-08.txt,1.71E-05,4.08E-05,0.182504019,0.115670444,2.02E-04,0.015661814,0.120015613,7.84E-07,0.13584707,0.15114527,0.217506662,6.42E-05,4.33E-07,0.050342697,0.010981236
9,file:/Users/chloequinto/Documents/Mallet/sample-data/FPC_txt/2008-09.txt,3.73E-06,9.78E-04,0.087869802,0.107597275,0.012189272,0.029587284,0.114846664,0.006606894,0.154744409,0.169574484,0.212649953,0.002548274,2.83E-04,0.079108472,0.02141313
10,file:/Users/chloequinto/Documents/Mallet/sample-data/FPC_txt/2008-10.txt,0.008108193,1.03E-04,0.049538016,0.117262288,0.009970862,0.06453871,0.075350339,1.43E-06,0.172088831,0.209552918,0.175782583,0.005004823,4.98E-04,0.109519917,0.002680434
11,file:/Users/chloequinto/Documents/Mallet/sample-data/FPC_txt/2008-11.txt,0.001816774,5.11E-04,0.136426366,0.095547095,0.022710519,0.037530728,0.090830675,4.10E-04,0.157509815,0.181826653,0.178687958,0.00106317,7.81E-04,0.053043024,0.041305459
12,file:/Users/chloequinto/Documents/Mallet/sample-data/FPC_txt/2008-12.txt,2.57E-06,2.70E-05,0.075167727,0.10754501,0.064574381,0.005908318,0.105259661,0.001087427,0.157379383,0.159965706,0.221978398,0.001436079,8.87E-07,0.069367089,0.030300387
13,file:/Users/chloequinto/Documents/Mallet/sample-data/FPC_txt/2009-01.txt,3.55E-06,2.60E-05,0.027248386,0.081665754,0.141373116,1.56E-06,0.14013195,2.22E-06,0.147988341,0.139609203,0.2502948,2.52E-06,1.22E-06,0.039888749,0.031762606
14,file:/Users/chloequinto/Documents/Mallet/sample-data/FPC_txt/2009-02.txt,3.65E-06,1.53E-05,0.040091256,0.099642627,0.068870638,0.006613764,0.118547267,0.003302609,0.17055958,0.184866855,0.179507299,0.002934937,1.62E-04,0.071210347,0.053671638
15,file:/Users/chloequinto/Documents/Mallet/sample-data/FPC_txt/2009-03.txt,2.90E-05,7.29E-05,0.009378795,0.096757731,0.120227402,0.013359764,0.100206504,1.05E-05,0.170186036,0.214447583,0.146341158,2.30E-04,9.59E-07,0.081784079,0.046967974
16,file:/Users/chloequinto/Documents/Mallet/sample-data/FPC_txt/2009-04.txt,0.003766804,7.66E-05,0.046190259,0.094568273,0.040280389,0.029931614,0.124278546,0.006776345,0.148156234,0.185197025,0.186398489,6.51E-04,1.14E-06,0.06981813,0.063909622
17,file:/Users/chloequinto/Documents/Mallet/sample-data/FPC_txt/2009-05.txt,0.001057545,7.12E-05,0.024703407,0.092016022,0.082173195,0.02420513,0.110115463,8.57E-04,0.158020571,0.195704129,0.182418583,1.55E-06,1.32E-04,0.066759946,0.06176471
18,file:/Users/chloequinto/Documents/Mallet/sample-data/FPC_txt/2009-06.txt,2.63E-06,5.41E-04,0.040288022,0.09300168,0.036906254,0.003537682,0.14234709,0.003471908,0.163135928,0.156677223,0.179328592,1.87E-06,4.56E-04,0.065144304,0.11515932
19,file:/Users/chloequinto/Documents/Mallet/sample-data/FPC_txt/2009-07.txt,2.53E-06,2.62E-06,0.051456508,0.091312614,0.016430828,4.40E-04,0.164758067,0.004550046,0.151248694,0.133814319,0.17043286,3.77E-04,8.74E-07,0.036256251,0.178916932
20,file:/Users/chloequinto/Documents/Mallet/sample-data/FPC_txt/2009-08.txt,1.80E-04,0.001566314,0.028458483,0.09535883,0.031693726,0.001741354,0.132122941,0.001555796,0.159945585,0.160793983,0.182139186,0.003016945,1.13E-04,0.064126282,0.137188142
21,file:/Users/chloequinto/Documents/Mallet/sample-data/FPC_txt/2009-09.txt,0.002447786,2.97E-06,0.03591938,0.093773324,0.009951664,0.003339345,0.132151966,0.009249183,0.142482389,0.150982554,0.138197941,0.001373352,0.001453505,0.049291099,0.229383544
22,file:/Users/chloequinto/Documents/Mallet/sample-data/FPC_txt/2009-10.txt,0.025870628,1.31E-04,0.021779107,0.089313327,0.0112629,0.025832468,0.105946195,0.005820224,0.153699602,0.188502068,0.154449538,0.003692227,0.005253099,0.097839986,0.11060775
23,file:/Users/chloequinto/Documents/Mallet/sample-data/FPC_txt/2009-11.txt,0.010672538,0.003205565,0.058186798,0.094062516,0.004115776,0.031492786,0.116674028,0.003774761,0.136495944,0.169305214,0.171814074,4.14E-04,0.011153307,0.046965562,0.141666755
24,file:/Users/chloequinto/Documents/Mallet/sample-data/FPC_txt/2009-12.txt,3.17E-04,0.001916355,0.044245199,0.108713816,0.004932291,0.001770929,0.133192491,0.010799478,0.15143759,0.145950489,0.157457198,0.007386138,0.005884919,0.043986025,0.182009819
25,file:/Users/chloequinto/Documents/Mallet/sample-data/FPC_txt/2010-01.txt,3.87E-04,0.001033179,0.052457027,0.097722256,0.00191686,0.001358468,0.139374758,0.006447524,0.151548604,0.141292765,0.172637049,3.14E-04,0.013009109,0.045111894,0.175389694
26,file:/Users/chloequinto/Documents/Mallet/sample-data/FPC_txt/2010-02.txt,1.30E-05,0.001309627,0.036671278,0.095692158,0.00353377,3.11E-05,0.144146429,0.004801898,0.134260002,0.133875766,0.165653582,3.49E-04,0.032304147,0.039473536,0.207885077
27,file:/Users/chloequinto/Documents/Mallet/sample-data/FPC_txt/2010-03.txt,3.44E-06,0.001163543,0.02853741,0.105341568,6.82E-07,1.52E-06,0.163405209,0.004772158,0.148336813,0.131795466,0.179451386,2.30E-04,0.044329731,0.041526451,0.151104524
28,file:/Users/chloequinto/Documents/Mallet/sample-data/FPC_txt/2010-04.txt,0.00543124,2.09E-04,0.021773927,0.096228066,7.32E-06,0.012953524,0.118384986,4.35E-04,0.142120176,0.185236877,0.151297913,1.53E-05,0.096207964,0.066578409,0.103119893
29,file:/Users/chloequinto/Documents/Mallet/sample-data/FPC_txt/2010-05.txt,0.006900667,0.001864591,0.009594751,0.085921246,1.71E-05,0.027596365,0.101966435,0.001127684,0.16237804,0.188870334,0.149294693,0.001228222,0.088174861,0.079750159,0.095314869
30,file:/Users/chloequinto/Documents/Mallet/sample-data/FPC_txt/2010-06.txt,2.70E-06,0.003519068,0.014655754,0.101095088,5.35E-07,7.59E-04,0.099741088,0.006361623,0.19476587,0.161230846,0.184047661,0.018264379,0.059190037,0.079312093,0.07705432
31,file:/Users/chloequinto/Documents/Mallet/sample-data/FPC_txt/2010-07.txt,0.005814521,4.14E-04,0.005962105,0.09585884,3.70E-07,0.002385954,0.072142796,0.003681925,0.191917825,0.188779911,0.167972902,0.029930294,0.036849435,0.143882401,0.05440654
32,file:/Users/chloequinto/Documents/Mallet/sample-data/FPC_txt/2010-08.txt,0.001936702,1.54E-05,0.014114303,0.110680518,2.44E-04,2.68E-04,0.10284386,0.004701748,0.162073687,0.161392795,0.167156307,0.120081713,0.020894152,0.078565655,0.055031533
33,file:/Users/chloequinto/Documents/Mallet/sample-data/FPC_txt/2010-09.txt,2.57E-05,0.002441747,0.012139294,0.114790675,6.97E-07,4.59E-05,0.109481895,0.007338675,0.153933466,0.156728151,0.166357857,0.069244651,0.022786404,0.071830163,0.11285476
34,file:/Users/chloequinto/Documents/Mallet/sample-data/FPC_txt/2010-10.txt,2.44E-04,0.004535467,0.013950029,0.126049732,6.88E-07,1.53E-06,0.107900007,0.005530175,0.145184426,0.154764573,0.157839756,0.091712596,0.023164082,0.045324447,0.123798188
35,file:/Users/chloequinto/Documents/Mallet/sample-data/FPC_txt/2010-11.txt,0.001974769,0.006479344,0.016201931,0.11691163,6.43E-04,0.001093289,0.107311237,0.01219749,0.161237049,0.167734687,0.159804752,0.061239556,0.050668331,0.051390703,0.085112245
36,file:/Users/chloequinto/Documents/Mallet/sample-data/FPC_txt/2010-12.txt,2.22E-06,0.021280373,0.038890156,0.091974584,4.39E-07,2.19E-05,0.159204688,0.00866635,0.140568345,0.132009428,0.187730225,0.008610634,0.037791186,0.021659099,0.151590333
37,file:/Users/chloequinto/Documents/Mallet/sample-data/FPC_txt/2011-01.txt,1.61E-06,0.03352753,0.017391143,0.123636582,3.19E-07,7.09E-07,0.133454306,0.005792344,0.14788724,0.159374453,0.18901539,0.008039032,0.074096211,0.030404658,0.077378471
38,file:/Users/chloequinto/Documents/Mallet/sample-data/FPC_txt/2011-02.txt,0.003038765,0.049270014,0.012772521,0.105575546,4.91E-07,0.019093008,0.098542659,7.96E-05,0.142143767,0.191646747,0.185698494,0.005004995,0.059462106,0.068527386,0.0591439
39,file:/Users/chloequinto/Documents/Mallet/sample-data/FPC_txt/2011-03.txt,0.014204472,0.055518361,1.25E-04,0.110639997,2.98E-07,0.060906433,0.067200779,5.68E-06,0.153334341,0.240061498,0.134046501,0.00270504,0.057960383,0.083441361,0.01984972
40,file:/Users/chloequinto/Documents/Mallet/sample-data/FPC_txt/2011-04.txt,4.43E-04,0.064002392,0.017744609,0.122168406,3.91E-05,0.003028831,0.111292967,0.003129693,0.158192557,0.172529387,0.219474409,0.007818279,0.02389845,0.04715047,0.049087731
41,file:/Users/chloequinto/Documents/Mallet/sample-data/FPC_txt/2011-05.txt,3.02E-06,0.046822762,0.038562613,0.114034712,5.97E-07,1.33E-06,0.176720117,0.006354011,0.138826168,0.145217943,0.214084188,0.020539734,0.015762671,0.016307842,0.0667623
42,file:/Users/chloequinto/Documents/Mallet/sample-data/FPC_txt/2011-06.txt,1.55E-04,0.007819035,0.005514389,0.115083015,2.95E-05,7.21E-04,0.096686395,0.00144843,0.153148345,0.163438508,0.180271032,0.188742691,0.002240356,0.043369842,0.041332537
43,file:/Users/chloequinto/Documents/Mallet/sample-data/FPC_txt/2011-07.txt,0.007126669,0.027663898,0.013053439,0.106232246,8.67E-04,0.00636872,0.132537813,0.024218999,0.14346084,0.163786587,0.175071198,0.11422485,0.005202135,0.035341272,0.044843959
44,file:/Users/chloequinto/Documents/Mallet/sample-data/FPC_txt/2011-08.txt,0.002430438,0.037711624,0.021771408,0.118069844,8.62E-07,0.002277229,0.172498681,0.029718833,0.140357102,0.153134149,0.181464892,0.051677326,0.007087862,0.026378896,0.055420853
45,file:/Users/chloequinto/Documents/Mallet/sample-data/FPC_txt/2011-09.txt,8.12E-04,0.038449335,0.001648998,0.098417798,2.10E-06,4.67E-06,0.197468109,0.058849704,0.126971471,0.151189161,0.206356296,0.055811599,5.71E-04,0.028704416,0.034742859
46,file:/Users/chloequinto/Documents/Mallet/sample-data/FPC_txt/2011-10.txt,0.009200746,0.048946769,0.006417648,0.100638577,9.31E-07,6.54E-04,0.167424166,0.092481658,0.143731329,0.16883424,0.210430078,0.008814358,0.002030378,0.030335485,0.010059995
47,file:/Users/chloequinto/Documents/Mallet/sample-data/FPC_txt/2011-11.txt,0.014785139,0.048705283,0.014175581,0.106899011,8.62E-05,0.002760226,0.164253816,0.044004446,0.136205367,0.159862413,0.223527147,0.040513905,7.46E-04,0.020487812,0.022987755
48,file:/Users/chloequinto/Documents/Mallet/sample-data/FPC_txt/2011-12.txt,0.00188551,0.023887477,0.00599033,0.105278474,8.96E-07,4.29E-04,0.14533441,0.126541727,0.161024169,0.166812122,0.196707327,0.01261435,0.001868294,0.030972482,0.020652942
49,file:/Users/chloequinto/Documents/Mallet/sample-data/FPC_txt/2012-01.txt,3.42E-04,0.028675823,0.030764998,0.113512465,1.88E-05,5.69E-04,0.155879781,0.126505482,0.132679116,0.152397277,0.190339504,0.001030442,2.67E-04,0.023228481,0.043789749
50,file:/Users/chloequinto/Documents/Mallet/sample-data/FPC_txt/2012-02.txt,1.13E-04,0.026095749,0.027916846,0.117030206,1.12E-06,1.63E-04,0.159305225,0.118228896,0.148973583,0.147352792,0.201315794,5.22E-04,0.001518808,0.018711307,0.032752294
51,file:/Users/chloequinto/Documents/Mallet/sample-data/FPC_txt/2012-03.txt,0.019113187,0.033497091,0.018359717,0.122164699,1.36E-06,0.009426797,0.158371149,0.089088115,0.151255769,0.16471594,0.163959609,2.64E-05,0.002546998,0.028563035,0.038910118
52,file:/Users/chloequinto/Documents/Mallet/sample-data/FPC_txt/2012-04.txt,0.009871199,0.049977561,0.020029608,0.10865704,1.31E-06,0.013044208,0.179233948,0.066464537,0.131960238,0.171735647,0.20473443,4.71E-06,0.001298057,0.031004951,0.011982555
53,file:/Users/chloequinto/Documents/Mallet/sample-data/FPC_txt/2012-05.txt,0.010791171,0.064242745,0.006709814,0.108136387,8.91E-07,1.44E-04,0.245286786,0.054729918,0.147073462,0.16129281,0.162936003,0.009400776,4.83E-04,0.018490794,0.010281238
54,file:/Users/chloequinto/Documents/Mallet/sample-data/FPC_txt/2012-06.txt,0.018187506,0.10328463,0.010380784,0.100084432,7.14E-05,0.001331806,0.276127663,0.003733875,0.140873416,0.142392519,0.163717485,0.002312724,2.55E-06,0.011712797,0.025786421
55,file:/Users/chloequinto/Documents/Mallet/sample-data/FPC_txt/2012-07.txt,0.00797928,0.090381466,0.015750175,0.124614399,2.80E-04,4.52E-05,0.195480981,0.026404958,0.149069863,0.158589293,0.173727091,0.007262182,8.36E-05,0.012188895,0.038142688
56,file:/Users/chloequinto/Documents/Mallet/sample-data/FPC_txt/2012-08.txt,0.012927817,0.10559434,0.014042206,0.113749062,2.69E-06,0.005949951,0.229035002,0.014333875,0.131624267,0.151772854,0.184996107,9.63E-06,4.74E-05,0.013364369,0.022550386
57,file:/Users/chloequinto/Documents/Mallet/sample-data/FPC_txt/2012-09.txt,8.27E-04,0.092552324,0.023830272,0.1148128,5.58E-06,1.24E-05,0.235924631,0.012892714,0.141185671,0.134719323,0.176090782,0.005436418,9.72E-06,0.014520131,0.04717986
58,file:/Users/chloequinto/Documents/Mallet/sample-data/FPC_txt/2012-10.txt,0.002850467,0.103319372,0.012824292,0.104283658,1.12E-04,7.62E-06,0.226434763,0.00186326,0.12972832,0.179699621,0.193207669,0.031939831,5.97E-06,0.013704138,1.86E-05
59,file:/Users/chloequinto/Documents/Mallet/sample-data/FPC_txt/2012-11.txt,0.046863715,0.061887021,0.019834553,0.127078592,4.14E-04,6.39E-06,0.152099874,0.002246496,0.127901081,0.240054974,0.126535926,0.046357213,5.00E-06,0.038197469,0.01051787
60,file:/Users/chloequinto/Documents/Mallet/sample-data/FPC_txt/2012-12.txt,0.007414238,0.076178021,0.017553933,0.144705513,3.45E-06,7.66E-06,0.222178722,1.09E-05,0.124323809,0.178028981,0.150300566,0.022257637,6.00E-06,0.006658599,0.050372003
61,file:/Users/chloequinto/Documents/Mallet/sample-data/FPC_txt/2013-01.txt,0.011420947,0.127141967,0.020861614,0.149904389,2.58E-06,5.74E-06,0.149615797,0.002798565,0.14001531,0.164972201,0.204035169,0.001035133,4.49E-06,0.012783692,0.015402401
62,file:/Users/chloequinto/Documents/Mallet/sample-data/FPC_txt/2013-02.txt,0.027665305,0.081187585,0.116170078,0.121512017,4.27E-06,7.74E-05,0.184540221,0.005311289,0.114245353,0.162684756,0.162272298,0.003479252,7.44E-06,0.001665852,0.019176862
63,file:/Users/chloequinto/Documents/Mallet/sample-data/FPC_txt/2013-03.txt,0.016740302,0.09911132,0.018171591,0.153460642,0.003470348,0.002116337,0.162089626,0.016120537,0.125257156,0.133764378,0.250926381,0.001918248,0.001162802,0.005472757,0.010217573
64,file:/Users/chloequinto/Documents/Mallet/sample-data/FPC_txt/2013-04.txt,0.062083363,0.079712458,0.034027204,0.123136231,4.15E-06,0.001989951,0.144459765,0.001861764,0.115016129,0.198679911,0.186856851,0.014606133,0.001063612,0.003335947,0.03316653
65,file:/Users/chloequinto/Documents/Mallet/sample-data/FPC_txt/2013-05.txt,0.004202157,0.107878081,0.0270161,0.118557433,4.74E-05,6.23E-06,0.176207889,0.007271019,0.129161667,0.134293118,0.194793205,4.11E-04,4.88E-06,0.019003141,0.081146712
66,file:/Users/chloequinto/Documents/Mallet/sample-data/FPC_txt/2013-06.txt,0.035336355,0.115883699,0.005888916,0.12489046,3.48E-06,7.74E-06,0.175541746,0.003775364,0.133194941,0.157064213,0.188891373,0.00261432,6.06E-06,0.01602777,0.040873554
67,file:/Users/chloequinto/Documents/Mallet/sample-data/FPC_txt/2013-07.txt,0.009753682,0.140078243,1.47E-04,0.130201563,3.90E-06,1.95E-04,0.276953389,2.60E-04,0.130140341,0.168281195,0.128720731,0.004353958,1.93E-04,0.010572627,1.45E-04
68,file:/Users/chloequinto/Documents/Mallet/sample-data/FPC_txt/2013-08.txt,0.02564911,0.092087893,0.003624727,0.115574424,3.71E-06,8.26E-06,0.207700027,0.005208652,0.146874904,0.170803005,0.168495526,0.036746201,4.79E-04,0.016566799,0.01017784
69,file:/Users/chloequinto/Documents/Mallet/sample-data/FPC_txt/2013-09.txt,0.116779853,0.057580118,0.008499106,0.172786347,2.78E-06,8.46E-04,0.177158649,8.76E-06,0.124498954,0.202085521,0.124591865,0.004648773,9.32E-05,0.004485363,0.005935126
70,file:/Users/chloequinto/Documents/Mallet/sample-data/FPC_txt/2013-10.txt,0.091727796,0.098380521,0.00422226,0.152997928,1.98E-04,7.36E-05,0.151445832,1.42E-04,0.129167761,0.21042401,0.11683914,0.018291418,7.07E-06,0.024381635,0.001701226
71,file:/Users/chloequinto/Documents/Mallet/sample-data/FPC_txt/2013-11.txt,0.016938298,0.073804011,0.003187375,0.143084236,5.51E-06,1.23E-05,0.200734679,0.020695467,0.15246057,0.159047388,0.159303881,0.009833061,2.72E-04,0.026769922,0.033850892
72,file:/Users/chloequinto/Documents/Mallet/sample-data/FPC_txt/2013-12.txt,0.023454033,0.098774657,0.023357052,0.126395088,6.49E-06,1.44E-05,0.183758327,0.008996897,0.116181824,0.166034617,0.181813259,2.32E-05,1.13E-05,0.022443802,0.048734988
73,file:/Users/chloequinto/Documents/Mallet/sample-data/FPC_txt/2014-01.txt,0.059695897,0.078391832,0.003920449,0.19321007,4.80E-06,1.07E-05,0.160090565,0.004898751,0.137583609,0.183228285,0.141788328,0.004748186,8.36E-06,0.008968026,0.023452173
74,file:/Users/chloequinto/Documents/Mallet/sample-data/FPC_txt/2014-02.txt,0.113099154,0.046633212,0.012079502,0.205045454,4.38E-06,9.75E-06,0.158223851,0.005239191,0.095034854,0.189870157,0.134058135,1.57E-05,7.63E-06,0.001987481,0.038691562
75,file:/Users/chloequinto/Documents/Mallet/sample-data/FPC_txt/2014-03.txt,0.009673835,0.126930084,5.02E-04,0.164068309,0.005858489,1.60E-05,0.227396008,2.28E-05,0.120930932,0.175562993,0.158803949,2.58E-05,1.26E-05,0.00315813,0.007037806
76,file:/Users/chloequinto/Documents/Mallet/sample-data/FPC_txt/2014-04.txt,0.085039547,0.071831209,0.002554321,0.132144755,3.39E-06,1.15E-04,0.290003266,1.07E-05,0.084808915,0.201272687,0.125196077,1.21E-05,1.68E-04,0.006767635,7.23E-05
77,file:/Users/chloequinto/Documents/Mallet/sample-data/FPC_txt/2014-05.txt,0.027859955,0.135416592,0.013379575,0.194790818,6.55E-06,1.19E-04,0.146637571,0.002209302,0.119336538,0.170735516,0.178857139,2.35E-05,1.14E-05,0.010372685,2.44E-04
78,file:/Users/chloequinto/Documents/Mallet/sample-data/FPC_txt/2014-07.txt,0.009931062,0.210761232,2.71E-04,0.126495769,3.89E-06,8.67E-06,0.21966078,0.001189265,0.104815386,0.182011196,0.124396759,1.40E-05,6.78E-06,0.016324452,0.004109624
79,file:/Users/chloequinto/Documents/Mallet/sample-data/FPC_txt/2014-08.txt,0.024672332,0.082852544,1.31E-05,0.14143871,3.69E-05,4.86E-06,0.29590067,6.89E-06,0.107191201,0.193407648,0.134009601,7.82E-06,3.80E-06,0.019886261,5.68E-04
80,file:/Users/chloequinto/Documents/Mallet/sample-data/FPC_txt/2014-09.txt,0.082549702,0.095617385,2.14E-05,0.163311427,7.95E-04,0.009680927,0.157143737,0.002160779,0.123319034,0.213553864,0.112746772,1.27E-05,6.20E-06,0.039061236,1.93E-05
81,file:/Users/chloequinto/Documents/Mallet/sample-data/FPC_txt/2014-10.txt,0.102568793,0.101569307,3.15E-05,0.170155822,0.003840158,1.17E-05,0.114129976,1.83E-04,0.139394174,0.185594545,0.139819603,0.009272593,9.13E-06,0.032724038,6.95E-04
82,file:/Users/chloequinto/Documents/Mallet/sample-data/FPC_txt/2014-11.txt,0.264818832,0.018928495,0.004219136,0.148544413,2.64E-06,0.00177125,0.085914439,8.34E-06,0.105839802,0.209541651,0.137452661,2.20E-04,0.001433712,0.02129063,1.44E-05
83,file:/Users/chloequinto/Documents/Mallet/sample-data/FPC_txt/2014-12.txt,0.319419041,0.010285948,0.002919674,0.106706105,1.05E-06,0.001057176,0.090464466,3.32E-06,0.102738131,0.227797481,0.124824393,3.77E-06,1.86E-05,0.013470503,2.90E-04
84,file:/Users/chloequinto/Documents/Mallet/sample-data/FPC_txt/2015-01.txt,0.322421537,0.005375892,4.02E-06,0.079490457,6.69E-07,1.49E-06,0.065819758,2.11E-06,0.070724544,0.166152911,0.074310783,2.36E-04,6.50E-05,0.214890755,5.04E-04
85,file:/Users/chloequinto/Documents/Mallet/sample-data/FPC_txt/2015-02.txt,0.323722825,0.01548689,2.54E-04,0.126094739,7.46E-07,0.004296558,0.06439968,2.35E-06,0.103137352,0.236471112,0.108275842,2.67E-06,2.50E-05,0.017755328,7.52E-05
86,file:/Users/chloequinto/Documents/Mallet/sample-data/FPC_txt/2015-03.txt,0.300219979,0.013101382,0.004991753,0.10744869,3.29E-06,0.010055969,0.096142248,1.15E-04,0.114619475,0.233328323,0.102011721,0.002628622,2.15E-04,0.015100523,1.79E-05
87,file:/Users/chloequinto/Documents/Mallet/sample-data/FPC_txt/2015-04.txt,0.057159099,0.027415242,0.004190507,0.198868527,5.94E-06,1.32E-05,0.079696953,0.015032827,0.140701893,0.180000645,0.165168547,0.063571495,1.03E-05,0.053779397,0.014385379
88,file:/Users/chloequinto/Documents/Mallet/sample-data/FPC_txt/2015-05.txt,0.09115488,0.03585904,0.00248895,0.178970171,1.26E-05,0.001234633,0.105769047,0.019947195,0.153435037,0.17337767,0.158482854,0.048305423,0.010076218,0.020214245,6.72E-04
89,file:/Users/chloequinto/Documents/Mallet/sample-data/FPC_txt/2015-06.txt,0.271935959,0.019787442,5.61E-05,0.265511203,9.33E-06,2.08E-05,0.046748637,0.001216727,0.099589646,0.208994573,0.078678997,3.34E-05,1.63E-05,0.001413824,0.005987173
90,file:/Users/chloequinto/Documents/Mallet/sample-data/FPC_txt/2015-07.txt,0.268967741,0.016077169,0.001243338,0.261207286,3.06E-04,2.08E-05,0.048084336,2.94E-05,0.103151508,0.209439806,0.081350394,0.001814353,1.63E-05,0.0024527,0.005838762
91,file:/Users/chloequinto/Documents/Mallet/sample-data/FPC_txt/2015-08.txt,0.157549867,0.056111906,0.001745793,0.332695692,1.88E-06,4.18E-06,0.049791925,0.003445025,0.103921613,0.161703631,0.122316366,6.65E-05,6.31E-05,0.010542358,4.01E-05
92,file:/Users/chloequinto/Documents/Mallet/sample-data/FPC_txt/2015-09.txt,0.220323159,0.013534661,0.00385731,0.122018246,4.23E-06,9.40E-06,0.070789322,1.33E-05,0.122220769,0.214736481,0.162227566,0.004519327,7.36E-06,0.033312592,0.032426238
93,file:/Users/chloequinto/Documents/Mallet/sample-data/FPC_txt/2015-10.txt,0.284617088,0.013113616,0.002950891,0.138539529,5.56E-06,0.002134187,0.049773864,0.001520492,0.098226072,0.262859414,0.109286324,0.002937411,9.68E-06,0.021087914,0.012937957
94,file:/Users/chloequinto/Documents/Mallet/sample-data/FPC_txt/2015-11.txt,0.258972512,0.014448163,1.98E-04,0.179870192,9.05E-06,0.008948655,0.055442382,0.001468648,0.114636277,0.209274974,0.134812266,0.001184497,1.58E-05,0.019516917,0.001201296
95,file:/Users/chloequinto/Documents/Mallet/sample-data/FPC_txt/2015-12.txt,0.336358847,0.012253698,0.001426651,0.114123047,3.05E-06,0.012778714,0.036858624,3.01E-04,0.1094131,0.243259702,0.114468597,0.001127872,5.32E-06,0.016925291,6.96E-04
96,file:/Users/chloequinto/Documents/Mallet/sample-data/FPC_txt/2016-01.txt,0.32012151,0.009398752,1.41E-05,0.117853824,2.34E-06,0.00287331,0.052631282,7.39E-06,0.090961204,0.25154406,0.128734558,1.57E-04,4.08E-06,0.025683509,1.27E-05
97,file:/Users/chloequinto/Documents/Mallet/sample-data/FPC_txt/2016-02.txt,0.309873204,0.013784833,7.36E-04,0.093869524,3.22E-06,0.012290884,0.071705963,0.001494436,0.104669607,0.243433503,0.12642731,0.003799008,5.61E-06,0.017889526,1.75E-05
98,file:/Users/chloequinto/Documents/Mallet/sample-data/FPC_txt/2016-03.txt,0.255444545,0.01781486,7.72E-04,0.124466195,6.58E-06,0.008486506,0.093608415,3.35E-04,0.12279405,0.223219825,0.125524194,0.009332157,3.25E-04,0.016894216,9.77E-04
99,file:/Users/chloequinto/Documents/Mallet/sample-data/FPC_txt/2016-04.txt,0.226442623,0.037835018,1.30E-04,0.14129646,2.16E-05,0.00622071,0.050408828,6.80E-05,0.117295673,0.238067226,0.123503745,0.045001039,3.76E-05,0.013554787,1.17E-04
100,file:/Users/chloequinto/Documents/Mallet/sample-data/FPC_txt/2016-05.txt,0.114161816,0.06523999,0.005720632,0.124490732,6.69E-05,1.49E-04,0.231897218,0.004466115,0.115993877,0.141711362,0.17035602,0.020451292,1.17E-04,0.001623762,0.003554988
101,file:/Users/chloequinto/Documents/Mallet/sample-data/FPC_txt/2016-06.txt,0.144938198,0.017032935,0.040633719,0.156945788,1.90E-05,4.23E-05,0.123068834,6.00E-05,0.1079633,0.178472001,0.194174028,0.010953938,0.001242654,0.001973486,0.022479823
102,file:/Users/chloequinto/Documents/Mallet/sample-data/FPC_txt/2016-07.txt,0.138674648,0.013740243,0.00106261,0.151955855,7.97E-06,1.77E-05,0.162352453,0.002688766,0.121262556,0.23391733,0.153619415,0.019434838,1.39E-05,0.001208315,4.34E-05
103,file:/Users/chloequinto/Documents/Mallet/sample-data/FPC_txt/2016-08.txt,0.196370661,0.008824156,0.005685111,0.132637077,8.24E-06,0.00106682,0.161204036,2.60E-05,0.098038678,0.199371677,0.173936368,0.009859073,0.001980265,0.010815975,1.76E-04
104,file:/Users/chloequinto/Documents/Mallet/sample-data/FPC_txt/2016-09.txt,0.171468131,0.012087061,0.012626404,0.129315594,1.11E-05,2.47E-05,0.198652926,0.008879875,0.115166157,0.14173159,0.184350607,0.008000144,7.27E-04,0.011060655,0.005898032
105,file:/Users/chloequinto/Documents/Mallet/sample-data/FPC_txt/2016-10.txt,0.178330207,0.009730156,0.010035327,0.146115616,9.36E-06,2.08E-05,0.166068895,2.95E-05,0.106499062,0.168484866,0.182921366,0.008970028,3.14E-04,0.009014891,0.013455647
106,file:/Users/chloequinto/Documents/Mallet/sample-data/FPC_txt/2016-11.txt,0.343377109,2.03E-04,0.002081066,0.142341606,3.87E-05,8.62E-05,0.04435763,1.22E-04,0.048082268,0.276156619,0.107293716,0.0038355,6.75E-05,0.023120948,0.008836373
107,file:/Users/chloequinto/Documents/Mallet/sample-data/FPC_txt/2016-12.txt,0.222176563,0.005074032,0.004690919,0.104724352,6.10E-06,1.36E-05,0.094249009,1.92E-05,0.104434675,0.278309133,0.161168923,2.16E-04,2.05E-04,0.022546817,0.002166368
108,file:/Users/chloequinto/Documents/Mallet/sample-data/FPC_txt/2017-01.txt,0.378864551,0.002632483,0.004892626,0.11065035,4.43E-06,2.92E-04,0.051127793,2.26E-04,0.071300169,0.24923861,0.096624698,0.001214749,7.72E-06,0.011743713,0.021180595
109,file:/Users/chloequinto/Documents/Mallet/sample-data/FPC_txt/2017-02.txt,0.35440903,0.007946478,1.02E-05,0.103026639,1.70E-06,0.008158088,0.045999847,6.83E-04,0.090294354,0.260320293,0.103950854,8.46E-04,5.71E-05,0.020494824,0.003801958
110,file:/Users/chloequinto/Documents/Mallet/sample-data/FPC_txt/2017-03.txt,0.459185646,1.73E-04,5.64E-04,0.047398793,2.04E-06,4.54E-06,0.028860604,6.44E-06,0.064118324,0.11314515,0.28523615,7.31E-06,3.56E-06,0.00121827,7.60E-05
111,file:/Users/chloequinto/Documents/Mallet/sample-data/FPC_txt/2017-04.txt,0.159144381,0.02601314,5.75E-04,0.133981983,2.62E-05,4.76E-04,0.159844266,8.28E-05,0.096425371,0.189151248,0.20289361,0.026387282,4.57E-05,0.003975886,9.77E-04
112,file:/Users/chloequinto/Documents/Mallet/sample-data/FPC_txt/2017-05.txt,0.126397546,0.02629855,0.001622605,0.104855401,7.41E-05,1.65E-04,0.012949292,2.34E-04,0.172004171,0.189877922,0.222770471,0.070932601,1.29E-04,0.070109578,0.001580428
113,file:/Users/chloequinto/Documents/Mallet/sample-data/FPC_txt/2017-06.txt,0.1308822,0.018602325,4.55E-04,0.16810409,2.08E-05,4.62E-05,0.123179865,0.019219761,0.122534322,0.130848482,0.283067774,7.35E-04,0.001026905,0.001164583,1.13E-04
114,file:/Users/chloequinto/Documents/Mallet/sample-data/FPC_txt/2017-07.txt,0.001058547,0.004428415,0.001258698,0.120071671,2.10E-04,4.66E-04,0.023311496,6.61E-04,0.216764606,0.300670035,0.140453673,0.100734468,0.003697797,0.085074365,0.00113935