0,file:/Users/chloequinto/Documents/Mallet/sample-data/FPC_txt/2015-07.txt,0.061096836,1.69E-05,0.133739544,2.16E-04,0.013827343,0.181689705,0.03817876,1.65E-04,1.47E-05,0.2851854,0.187155773,1.17E-05,0.06654634,0.032125897,2.96E-05
1,file:/Users/chloequinto/Documents/Mallet/sample-data/FPC_txt/2009-02.txt,0.159851386,0.003218938,0.006592311,0.039473756,0.029015233,0.001659313,0.002427905,1.01E-06,0.005954931,0.207279363,0.280805329,0.085831825,0.068146422,0.107027321,0.002714961
2,file:/Users/chloequinto/Documents/Mallet/sample-data/FPC_txt/2017-02.txt,0.07247712,3.13E-06,0.339804395,0.002598973,0.052947867,0.065869343,0.007867035,2.41E-06,2.72E-06,0.22542422,0.175681573,2.17E-06,0.034928846,0.020866157,0.001524044
3,file:/Users/chloequinto/Documents/Mallet/sample-data/FPC_txt/2017-03.txt,0.037842318,3.74E-06,0.050793114,8.13E-05,0.579665588,0.019414318,0.001942109,1.04E-04,3.26E-06,0.123690612,0.158738001,2.59E-06,0.015303527,0.01240916,6.55E-06
4,file:/Users/chloequinto/Documents/Mallet/sample-data/FPC_txt/2009-03.txt,0.188211742,0.020933037,0.020818996,0.013764464,0.022049507,2.69E-06,0.004841319,7.67E-07,0.008756871,0.217960371,0.238097048,0.131394462,0.060970278,0.072196708,1.74E-06
5,file:/Users/chloequinto/Documents/Mallet/sample-data/FPC_txt/2015-12.txt,0.067534282,1.06E-04,0.321497554,5.25E-04,0.045693068,0.067434958,0.005530147,4.32E-06,0.001113427,0.236424848,0.188916632,3.88E-06,0.037693759,0.026353003,0.001168746
6,file:/Users/chloequinto/Documents/Mallet/sample-data/FPC_txt/2015-06.txt,0.063837484,1.69E-05,0.129019541,6.38E-05,0.012761536,0.187018741,0.035285854,4.70E-04,1.47E-05,0.276049909,0.198422878,4.69E-04,0.065176016,0.031364606,2.96E-05
7,file:/Users/chloequinto/Documents/Mallet/sample-data/FPC_txt/2015-10.txt,0.084022374,1.02E-05,0.243160966,0.001774911,0.05226451,0.07726133,0.018348776,9.92E-05,8.85E-06,0.254098458,0.202928654,7.04E-06,0.035195122,0.030801811,1.78E-05
8,file:/Users/chloequinto/Documents/Mallet/sample-data/FPC_txt/2015-04.txt,0.117822716,2.03E-04,0.043247278,4.25E-04,0.017593954,0.040449287,0.026537934,0.014155391,4.91E-04,0.241178764,0.260923346,7.41E-06,0.184111333,0.046771817,0.006081797
9,file:/Users/chloequinto/Documents/Mallet/sample-data/FPC_txt/2009-01.txt,0.134148361,1.27E-06,4.25E-06,0.012714349,0.007548477,3.42E-06,7.94E-04,9.76E-07,1.10E-06,0.192682653,0.288518817,0.151217526,0.053264778,0.159097455,2.22E-06
10,file:/Users/chloequinto/Documents/Mallet/sample-data/FPC_txt/2017-01.txt,0.052386275,8.15E-06,0.297746851,0.013872992,0.058651482,0.098089978,0.007964831,0.00205699,7.09E-06,0.224995251,0.18033087,5.64E-06,0.033987811,0.029881531,1.43E-05
11,file:/Users/chloequinto/Documents/Mallet/sample-data/FPC_txt/2010-08.txt,0.172270504,0.016097745,0.004809677,0.02859979,0.039966664,0.001530346,0.004861478,0.10276961,0.001977693,0.192198913,0.261521992,4.63E-04,0.086814934,0.082020728,0.004097425
12,file:/Users/chloequinto/Documents/Mallet/sample-data/FPC_txt/2010-09.txt,0.169392542,0.021508877,0.001951233,0.075892674,0.017090803,2.86E-04,0.012154636,0.06254286,2.37E-05,0.197768641,0.246173933,4.88E-04,0.099694177,0.090750785,0.004281088
13,file:/Users/chloequinto/Documents/Mallet/sample-data/FPC_txt/2015-05.txt,0.098582068,2.28E-05,0.015060877,0.005217575,0.032804176,0.095919562,0.024169782,0.019312344,1.99E-05,0.247555391,0.281867581,6.32E-04,0.132612917,0.030172924,0.016050498
14,file:/Users/chloequinto/Documents/Mallet/sample-data/FPC_txt/2015-11.txt,0.084877062,1.66E-05,0.201579917,6.24E-05,0.029590902,0.082499971,0.017227821,1.28E-05,1.44E-05,0.264190107,0.234893446,1.15E-05,0.064753086,0.020241169,2.90E-05
15,file:/Users/chloequinto/Documents/Mallet/sample-data/FPC_txt/2015-01.txt,0.130240059,1.24E-06,0.093079809,4.65E-06,0.020539471,0.348142742,0.00794054,9.52E-07,6.77E-05,0.18128577,0.169789203,8.56E-07,0.027141281,0.021763531,2.16E-06
16,file:/Users/chloequinto/Documents/Mallet/sample-data/FPC_txt/2012-08.txt,0.078203129,4.86E-06,0.00718422,0.007623275,0.028313855,0.015048219,0.161966079,4.75E-05,0.003631888,0.20363115,0.299443292,3.37E-06,0.052319641,0.118925742,0.023653829
17,file:/Users/chloequinto/Documents/Mallet/sample-data/FPC_txt/2009-10.txt,0.170610497,0.081066808,0.053152458,0.035233184,0.036307016,4.63E-04,0.002785581,8.05E-07,0.007857792,0.197135851,0.235896117,0.004412593,0.053975592,0.11805034,0.003052589
18,file:/Users/chloequinto/Documents/Mallet/sample-data/FPC_txt/2009-04.txt,0.144487922,0.042847587,0.045105463,0.023153716,0.032969123,3.53E-05,0.003470784,9.16E-07,0.01670568,0.213163644,0.253970449,0.0409769,0.050595542,0.128870468,0.003646536
19,file:/Users/chloequinto/Documents/Mallet/sample-data/FPC_txt/.DS_Store,0.099384661,0.008695111,0.029195114,0.032750918,0.063722089,0.023461813,0.058643117,0.006700967,0.007570272,0.237520883,0.171996557,0.006021528,0.083061759,0.156055682,0.015219529
20,file:/Users/chloequinto/Documents/Mallet/sample-data/FPC_txt/2017-04.txt,0.048681321,4.78E-05,0.054312321,1.80E-04,0.097909546,0.052131921,0.099170953,3.68E-05,4.16E-05,0.236393441,0.299210344,3.31E-05,0.085982128,0.025784947,8.37E-05
21,file:/Users/chloequinto/Documents/Mallet/sample-data/FPC_txt/2017-05.txt,0.154210851,1.34E-04,0.121873621,0.002908103,0.098360104,0.001563028,0.034564113,0.007316395,0.007329764,0.210435248,0.205820919,9.26E-05,0.146746486,0.008410999,2.34E-04
22,file:/Users/chloequinto/Documents/Mallet/sample-data/FPC_txt/2009-05.txt,0.157203598,0.0297285,0.03587605,0.021562242,0.03239049,2.12E-06,0.003656059,7.65E-06,0.00703441,0.21218202,0.249247661,0.087964418,0.046868461,0.116274952,1.37E-06
23,file:/Users/chloequinto/Documents/Mallet/sample-data/FPC_txt/2009-11.txt,0.119546376,0.06401364,0.049844633,0.070878405,0.032572775,2.68E-06,0.011744599,7.67E-07,0.008231703,0.201199554,0.23703198,0.003409329,0.035831536,0.163015255,0.002676763
24,file:/Users/chloequinto/Documents/Mallet/sample-data/FPC_txt/2012-09.txt,0.094405031,0.002265785,0.001657836,0.03883669,0.015773563,0.016990314,0.143894264,7.73E-06,8.74E-06,0.18443352,0.296062602,6.95E-06,0.068399959,0.111433675,0.025823339
25,file:/Users/chloequinto/Documents/Mallet/sample-data/FPC_txt/2015-02.txt,0.071358434,1.37E-06,0.24033859,5.14E-06,0.036049672,0.119882222,0.022656751,1.05E-06,9.94E-05,0.234933435,0.214718347,9.45E-07,0.036555988,0.023396277,2.39E-06
26,file:/Users/chloequinto/Documents/Mallet/sample-data/FPC_txt/2009-07.txt,0.117433997,0.110009455,5.18E-05,0.06052638,0.023397143,1.87E-05,0.006527825,8.82E-06,0.001779441,0.190324445,0.259035419,0.001576237,0.042468925,0.184703881,0.002137591
27,file:/Users/chloequinto/Documents/Mallet/sample-data/FPC_txt/2017-07.txt,0.130266793,0.010589903,0.001271145,0.001425963,0.060638587,0.041866801,0.01276462,2.92E-04,0.007137154,0.194145344,0.218522627,0.007069722,0.309956098,0.003390833,6.63E-04
28,file:/Users/chloequinto/Documents/Mallet/sample-data/FPC_txt/2017-06.txt,0.047713357,3.73E-05,0.110796963,4.76E-04,0.026096762,0.019216673,0.043178785,2.87E-05,3.25E-05,0.251539468,0.32839321,0.001702676,0.101973087,0.064389543,0.004425085
29,file:/Users/chloequinto/Documents/Mallet/sample-data/FPC_txt/2009-12.txt,0.12880845,0.102854023,0.002916498,0.075369703,0.029868878,5.60E-04,0.017850655,7.83E-07,3.84E-04,0.192967312,0.248025239,7.03E-07,0.060691425,0.134723433,0.004978684
30,file:/Users/chloequinto/Documents/Mallet/sample-data/FPC_txt/2009-06.txt,0.149211107,0.09793455,3.08E-04,0.033648667,0.030658708,2.54E-06,0.009806468,1.76E-05,0.006258017,0.208348117,0.259861448,0.008380224,0.049153358,0.145412184,9.99E-04
31,file:/Users/chloequinto/Documents/Mallet/sample-data/FPC_txt/2015-03.txt,0.070310639,6.02E-06,0.204084267,2.93E-04,0.042178386,0.142882745,0.014663049,4.64E-06,5.24E-06,0.198433773,0.260289973,4.17E-06,0.034068215,0.032710697,6.47E-05
32,file:/Users/chloequinto/Documents/Mallet/sample-data/FPC_txt/2008-09.txt,0.134243527,0.006848859,0.003242363,0.01234496,0.048038388,0.001526604,0.006220936,7.30E-05,0.047286261,0.216003301,0.293282741,0.037212606,0.063847026,0.126721142,0.003108305
33,file:/Users/chloequinto/Documents/Mallet/sample-data/FPC_txt/2016-09.txt,0.052990568,2.03E-05,0.04826278,0.009569356,0.106761109,0.071433918,0.030441125,1.56E-05,1.77E-05,0.197166733,0.331374438,1.41E-05,0.073033536,0.078863205,3.55E-05
34,file:/Users/chloequinto/Documents/Mallet/sample-data/FPC_txt/2013-05.txt,0.0764537,5.05E-06,8.80E-04,0.064371585,0.016806881,0.034325907,0.121331368,3.90E-06,4.40E-06,0.1975586,0.275870642,3.50E-06,0.059901608,0.142293486,0.010188911
35,file:/Users/chloequinto/Documents/Mallet/sample-data/FPC_txt/2013-11.txt,0.130639568,1.88E-04,6.57E-04,0.013312697,0.017891913,0.032814233,0.136295309,7.64E-06,8.63E-06,0.213834893,0.28245358,6.86E-06,0.061749408,0.099609494,0.010530727
36,file:/Users/chloequinto/Documents/Mallet/sample-data/FPC_txt/2013-10.txt,0.093697179,7.32E-06,0.01962881,0.002001142,0.0350518,0.092975429,0.147804812,0.002439723,6.37E-06,0.237095433,0.220659568,7.09E-05,0.110393099,0.038155658,1.28E-05
37,file:/Users/chloequinto/Documents/Mallet/sample-data/FPC_txt/2013-04.txt,0.038359091,7.46E-06,0.022211816,0.037162456,0.074122297,0.083203798,0.057293524,0.001815544,6.49E-06,0.205783307,0.296887324,5.41E-04,0.091633594,0.088143613,0.002828291
38,file:/Users/chloequinto/Documents/Mallet/sample-data/FPC_txt/2011-01.txt,0.125660043,0.005976203,0.002460355,0.053101074,0.021122919,1.20E-04,0.026323498,0.092960981,3.15E-05,0.231882484,0.270675842,3.98E-07,0.048673033,0.116801056,0.004210286
39,file:/Users/chloequinto/Documents/Mallet/sample-data/FPC_txt/2016-08.txt,0.066116248,1.49E-05,0.063722142,0.001259925,0.112337951,0.075483661,0.041433758,1.15E-05,1.30E-05,0.208678673,0.321330535,1.03E-05,0.053113103,0.056448363,2.60E-05
40,file:/Users/chloequinto/Documents/Mallet/sample-data/FPC_txt/2008-08.txt,0.109650415,9.52E-04,1.51E-06,0.016512372,0.032589313,7.38E-05,0.008262397,3.46E-07,0.062681331,0.231899479,0.266392788,0.004269064,0.040567518,0.226147174,7.85E-07
41,file:/Users/chloequinto/Documents/Mallet/sample-data/FPC_txt/2011-03.txt,0.164924553,0.001985571,0.158570032,0.016613858,0.020400514,2.70E-04,0.017581163,0.055132525,0.014217572,0.232892369,0.216798329,9.86E-04,0.045226776,0.052503266,0.001898188
42,file:/Users/chloequinto/Documents/Mallet/sample-data/FPC_txt/2013-12.txt,0.064149927,1.17E-05,0.002138094,0.055979704,0.01981522,0.052084266,0.141649665,9.00E-06,1.02E-05,0.205906305,0.270674417,8.08E-06,0.077141208,0.10693866,0.003483619
43,file:/Users/chloequinto/Documents/Mallet/sample-data/FPC_txt/2013-06.txt,0.098458896,0.002045406,4.18E-04,0.023530096,0.034541054,0.038533455,0.175122438,4.86E-06,5.48E-06,0.20770782,0.270929288,4.36E-06,0.070465997,0.076013143,0.002220059
44,file:/Users/chloequinto/Documents/Mallet/sample-data/FPC_txt/2013-07.txt,0.092751111,7.02E-06,2.36E-05,0.002234381,0.038154369,0.02361248,0.27137312,5.41E-06,6.11E-06,0.194933062,0.278719291,1.31E-04,0.070090657,0.027946128,1.23E-05
45,file:/Users/chloequinto/Documents/Mallet/sample-data/FPC_txt/2011-02.txt,0.142538354,0.001665172,0.06850261,0.048227534,0.028539363,1.06E-04,0.023033909,0.069236433,0.004945614,0.223942302,0.241138514,6.16E-07,0.047456552,0.099104784,0.001561822
46,file:/Users/chloequinto/Documents/Mallet/sample-data/FPC_txt/2011-12.txt,0.105449382,1.62E-06,0.007809196,0.01199617,0.024385842,0.003242569,0.0333118,0.010211763,7.43E-05,0.190980907,0.351915537,1.12E-06,0.070190894,0.071881955,0.118546894
47,file:/Users/chloequinto/Documents/Mallet/sample-data/FPC_txt/2011-06.txt,0.117651435,0.001565924,0.003711534,0.017315619,0.034504972,6.25E-04,0.009307145,0.088180217,0.001372961,0.196431278,0.241575558,5.71E-07,0.215346156,0.065081368,0.007329962
48,file:/Users/chloequinto/Documents/Mallet/sample-data/FPC_txt/2013-03.txt,0.063625868,4.92E-04,0.004035833,0.014202288,0.036630444,0.02822912,0.140402337,0.004430769,6.70E-06,0.255675578,0.276013387,2.13E-04,0.062228668,0.102393359,0.011421257
49,file:/Users/chloequinto/Documents/Mallet/sample-data/FPC_txt/2013-02.txt,0.065200949,3.55E-04,2.59E-05,0.022936535,0.021575705,0.034798512,0.126667815,5.95E-06,6.72E-06,0.200546999,0.259909363,5.35E-06,0.063173376,0.196448504,0.008343497
50,file:/Users/chloequinto/Documents/Mallet/sample-data/FPC_txt/2011-07.txt,0.106226668,0.004777102,0.011931479,0.022600049,0.027628282,0.006937946,0.038681272,0.042665478,0.00255344,0.202447345,0.250106379,7.95E-04,0.138269741,0.084896079,0.059483424
51,file:/Users/chloequinto/Documents/Mallet/sample-data/FPC_txt/2011-05.txt,0.091774134,3.49E-04,0.001908266,0.052908992,0.025222809,2.90E-06,0.073292972,0.030011234,3.96E-05,0.210904683,0.282780395,7.45E-07,0.071913425,0.148311697,0.010579003
52,file:/Users/chloequinto/Documents/Mallet/sample-data/FPC_txt/2011-11.txt,0.081017668,1.39E-06,0.004501986,0.01466827,0.039626552,0.019948976,0.044970219,0.017056052,0.002368224,0.206379485,0.317145462,3.12E-04,0.110104465,0.087803843,0.054095004
53,file:/Users/chloequinto/Documents/Mallet/sample-data/FPC_txt/2014-09.txt,0.104715659,6.41E-06,0.046663775,0.00492476,0.028182242,0.101661649,0.1203099,4.94E-06,5.58E-06,0.257370534,0.240602494,4.08E-04,0.064345685,0.030787121,1.12E-05
54,file:/Users/chloequinto/Documents/Mallet/sample-data/FPC_txt/2013-01.txt,0.074291969,4.65E-06,0.001562253,0.004072223,0.037571498,0.01593878,0.145708335,0.002511652,4.05E-06,0.26581506,0.275686894,8.68E-05,0.058942222,0.115830805,0.001972792
55,file:/Users/chloequinto/Documents/Mallet/sample-data/FPC_txt/2014-08.txt,0.098426332,3.95E-06,1.55E-04,0.002856213,0.039345905,0.059607634,0.198280703,3.04E-06,3.23E-04,0.236648941,0.309641449,2.74E-06,0.029481057,0.025216702,6.91E-06
56,file:/Users/chloequinto/Documents/Mallet/sample-data/FPC_txt/2011-10.txt,0.101380219,0.001030883,0.007845728,0.007679928,0.03601917,0.009933287,0.047657218,0.004299717,1.47E-06,0.195820845,0.3199326,1.17E-06,0.086347724,0.084575893,0.097474157
57,file:/Users/chloequinto/Documents/Mallet/sample-data/FPC_txt/2011-04.txt,0.12446275,0.001095814,0.020452293,0.032118865,0.025765041,0.001885028,0.026788573,0.063475588,0.001891304,0.235876795,0.27400398,3.94E-04,0.071100587,0.111660046,0.009028867
58,file:/Users/chloequinto/Documents/Mallet/sample-data/FPC_txt/2011-09.txt,0.106538043,3.79E-06,0.00219444,0.022308627,0.023787969,0.002907814,0.105054441,0.028842397,3.30E-06,0.200616331,0.254823699,2.63E-06,0.098315425,0.103256101,0.051344993
59,file:/Users/chloequinto/Documents/Mallet/sample-data/FPC_txt/2014-11.txt,0.066066315,4.80E-06,0.10783484,2.34E-04,0.08990568,0.145540187,0.019188633,3.70E-06,4.73E-05,0.25201013,0.238383372,8.96E-05,0.048497394,0.032185819,8.40E-06
60,file:/Users/chloequinto/Documents/Mallet/sample-data/FPC_txt/2014-05.txt,0.080136295,1.18E-05,0.003637483,0.007134436,0.032044633,0.067123186,0.144421189,9.07E-06,1.02E-05,0.290275002,0.261085135,2.20E-04,0.056939086,0.054286509,0.002666163
61,file:/Users/chloequinto/Documents/Mallet/sample-data/FPC_txt/2014-04.txt,0.061203138,1.71E-04,0.02661215,0.006108899,0.02405944,0.062246455,0.212006926,4.70E-06,5.31E-06,0.242013746,0.258142108,4.22E-06,0.057353717,0.050057933,1.07E-05
62,file:/Users/chloequinto/Documents/Mallet/sample-data/FPC_txt/2014-10.txt,0.107487422,9.56E-06,0.021868811,3.80E-04,0.034974415,0.118580195,0.097126064,7.37E-06,8.33E-06,0.229374662,0.252170965,6.62E-06,0.124147899,0.013841049,1.67E-05
63,file:/Users/chloequinto/Documents/Mallet/sample-data/FPC_txt/2016-01.txt,0.0608215,4.29E-06,0.270984072,5.47E-05,0.062847654,0.08357373,0.01155873,3.31E-06,3.73E-06,0.248335712,0.210320593,2.97E-06,0.028267782,0.02271241,5.09E-04
64,file:/Users/chloequinto/Documents/Mallet/sample-data/FPC_txt/2011-08.txt,0.099528692,0.001735341,0.009555026,0.033702824,0.016775987,0.002003643,0.06733451,0.026329575,6.03E-04,0.213591762,0.270557278,1.51E-05,0.088913325,0.124035543,0.04531885
65,file:/Users/chloequinto/Documents/Mallet/sample-data/FPC_txt/2008-01.txt,0.134672232,1.27E-06,4.25E-06,0.013511545,0.006808224,3.42E-06,0.001124617,9.76E-07,1.10E-06,0.192363775,0.28711803,0.151012533,0.055610811,0.157765,2.22E-06
66,file:/Users/chloequinto/Documents/Mallet/sample-data/FPC_txt/2008-03.txt,0.35429452,0.001225446,0.265081258,0.001564787,0.038393725,3.31E-04,8.27E-04,9.45E-05,1.07E-04,0.209572157,0.119321915,8.49E-05,0.005582861,0.003304175,2.15E-04
67,file:/Users/chloequinto/Documents/Mallet/sample-data/FPC_txt/2016-03.txt,0.072986623,1.20E-05,0.187645059,0.002731224,0.049728749,0.102538034,0.032422574,1.17E-04,1.04E-05,0.224678747,0.225340827,8.28E-06,0.076724883,0.024820175,2.36E-04
68,file:/Users/chloequinto/Documents/Mallet/sample-data/FPC_txt/2014-12.txt,0.059681352,1.92E-06,0.181095444,8.03E-04,0.067200088,0.14228445,0.015429593,3.61E-05,1.90E-05,0.218601675,0.25187737,1.33E-06,0.033083647,0.029708494,1.76E-04
69,file:/Users/chloequinto/Documents/Mallet/sample-data/FPC_txt/2014-07.txt,0.079000173,6.99E-06,7.77E-04,0.008320495,0.015320031,0.059334746,0.280226739,5.39E-06,6.08E-06,0.231925014,0.224520698,4.84E-06,0.057057768,0.043292819,2.01E-04
70,file:/Users/chloequinto/Documents/Mallet/sample-data/FPC_txt/2016-02.txt,0.066727897,5.91E-06,0.260069512,1.29E-04,0.061866256,0.078211589,0.01428626,1.64E-04,5.15E-06,0.217950441,0.221414324,4.09E-06,0.049546716,0.027004137,0.002615098
71,file:/Users/chloequinto/Documents/Mallet/sample-data/FPC_txt/2008-02.txt,0.370836359,1.23E-04,0.240819894,4.62E-04,0.039496514,3.31E-04,8.27E-04,9.45E-05,0.002312368,0.220600049,0.110499601,8.49E-05,0.012199596,0.001098597,2.15E-04
72,file:/Users/chloequinto/Documents/Mallet/sample-data/FPC_txt/2008-06.txt,0.154475115,8.01E-04,0.00360656,0.032251634,0.023347842,4.91E-06,0.001860145,1.54E-05,0.199385949,0.230593873,0.221111617,4.07E-06,0.041431153,0.091049854,6.11E-05
73,file:/Users/chloequinto/Documents/Mallet/sample-data/FPC_txt/2008-12.txt,0.141773907,0.014580832,3.59E-04,0.014302199,0.028248602,2.75E-04,0.002478917,7.09E-07,0.013207903,0.219236553,0.269907843,0.081600182,0.074967566,0.13905909,1.61E-06
74,file:/Users/chloequinto/Documents/Mallet/sample-data/FPC_txt/2016-06.txt,0.06343312,3.42E-05,0.021948963,0.017350108,0.05837247,0.09050399,0.005458572,0.00340911,2.98E-05,0.214047626,0.298051116,3.31E-04,0.122413286,0.098713645,0.005902802
75,file:/Users/chloequinto/Documents/Mallet/sample-data/FPC_txt/2016-12.txt,0.075775547,1.10E-05,0.158980104,0.002821356,0.114845532,0.043910381,0.008413769,1.08E-04,9.61E-06,0.249984153,0.257446021,7.65E-06,0.062848763,0.02402474,8.14E-04
76,file:/Users/chloequinto/Documents/Mallet/sample-data/FPC_txt/2014-03.txt,0.066699847,1.29E-05,4.35E-05,0.011101949,0.027320628,0.025748165,0.238603824,9.97E-06,1.13E-05,0.251435797,0.257272103,0.003150399,0.046663434,0.07190357,2.27E-05
77,file:/Users/chloequinto/Documents/Mallet/sample-data/FPC_txt/2014-02.txt,0.047344643,7.90E-06,0.02127321,0.026961171,0.024715431,0.120750748,0.087384946,6.09E-06,6.88E-06,0.267966611,0.240336119,5.47E-06,0.051522293,0.111491468,2.27E-04
78,file:/Users/chloequinto/Documents/Mallet/sample-data/FPC_txt/2016-07.txt,0.06158881,1.43E-05,0.0279336,9.53E-04,0.092756931,0.086008486,0.022456286,1.10E-05,1.24E-05,0.241594528,0.330412358,9.90E-06,0.103711656,0.030583728,0.001952594
79,file:/Users/chloequinto/Documents/Mallet/sample-data/FPC_txt/2008-07.txt,0.106526128,9.82E-04,1.41E-06,0.031570026,0.037922949,4.64E-05,0.004829614,3.23E-07,0.071349203,0.206600805,0.266485228,0.003113736,0.042339314,0.228096625,1.37E-04
80,file:/Users/chloequinto/Documents/Mallet/sample-data/FPC_txt/2008-11.txt,0.117771832,0.003770463,0.021564246,0.037753782,0.037266591,4.47E-04,0.001951864,7.94E-07,0.033444198,0.213904114,0.243838803,0.061969455,0.060255942,0.166030996,2.96E-05
81,file:/Users/chloequinto/Documents/Mallet/sample-data/FPC_txt/2008-05.txt,0.112320587,1.26E-05,0.039836082,0.003782248,0.067431732,3.98E-06,0.003544271,2.63E-07,0.135440923,0.235657738,0.237245381,1.38E-04,0.043392422,0.12119306,5.97E-07
82,file:/Users/chloequinto/Documents/Mallet/sample-data/FPC_txt/2016-11.txt,0.027988066,0.001334704,0.30874703,0.001529238,0.046665507,0.094386717,0.008060568,5.42E-05,6.12E-05,0.232039589,0.228980931,4.87E-05,0.038603373,0.011377098,1.23E-04
83,file:/Users/chloequinto/Documents/Mallet/sample-data/FPC_txt/2016-05.txt,0.05735548,1.20E-04,0.026242111,4.51E-04,0.056864325,0.073536534,0.132161123,9.23E-05,1.04E-04,0.206761421,0.274765742,0.009772941,0.061437348,0.097972678,0.002362943
84,file:/Users/chloequinto/Documents/Mallet/sample-data/FPC_txt/2013-09.txt,0.074802772,5.00E-06,0.002803453,0.013817332,0.044263757,0.106401289,0.125433785,3.85E-06,0.00400457,0.234126795,0.279260116,3.46E-06,0.078703712,0.036361355,8.75E-06
85,file:/Users/chloequinto/Documents/Mallet/sample-data/FPC_txt/2014-01.txt,0.091269582,8.62E-06,2.89E-05,0.018855373,0.039877879,0.091349276,0.106334028,6.64E-06,7.50E-06,0.241679987,0.244636026,5.97E-06,0.089626737,0.075059012,0.00125445
86,file:/Users/chloequinto/Documents/Mallet/sample-data/FPC_txt/2013-08.txt,0.077777026,0.001869576,0.002245894,5.06E-04,0.037306825,0.04442698,0.154965593,0.006795693,5.82E-06,0.205040623,0.273015865,4.63E-06,0.122473891,0.067424449,0.006141215
87,file:/Users/chloequinto/Documents/Mallet/sample-data/FPC_txt/2016-04.txt,0.057141971,7.43E-04,0.138169806,1.48E-04,0.055572778,0.102577991,0.018223217,3.02E-05,3.41E-05,0.2461583,0.211353577,2.71E-05,0.160245032,0.002463631,0.007111325
88,file:/Users/chloequinto/Documents/Mallet/sample-data/FPC_txt/2016-10.txt,0.058392867,1.69E-04,0.089255744,0.010852636,0.112420382,0.048216101,0.016373431,0.002748258,1.47E-05,0.213202052,0.305616746,1.17E-05,0.056385693,0.086311227,2.96E-05
89,file:/Users/chloequinto/Documents/Mallet/sample-data/FPC_txt/2008-04.txt,0.106281739,2.41E-06,0.081191048,9.09E-06,0.056216259,0.002025235,0.043190847,1.86E-06,0.110423926,0.273548271,0.222106979,2.19E-04,0.04057112,0.064208244,4.23E-06
90,file:/Users/chloequinto/Documents/Mallet/sample-data/FPC_txt/2008-10.txt,0.158185988,9.69E-05,0.036023538,0.002759713,0.04255252,7.86E-04,0.003715521,6.33E-07,0.064230626,0.251798381,0.230204847,0.03287304,0.100775868,0.075995389,1.44E-06
91,file:/Users/chloequinto/Documents/Mallet/sample-data/FPC_txt/2012-07.txt,0.083714384,9.72E-04,5.39E-04,0.020166968,0.02896837,0.01798597,0.134552196,0.004234972,3.90E-06,0.203235296,0.301896632,3.10E-06,0.06935911,0.106754995,0.027613462
92,file:/Users/chloequinto/Documents/Mallet/sample-data/FPC_txt/2010-02.txt,0.123762876,0.037033382,3.77E-06,0.192374365,0.027341313,0.001686769,0.018135525,1.92E-04,4.14E-04,0.178517457,0.246987937,0.001190487,0.043969508,0.125010307,0.003379531
93,file:/Users/chloequinto/Documents/Mallet/sample-data/FPC_txt/2010-03.txt,0.130931729,0.034582422,0.001585046,0.14711842,0.020339834,3.32E-06,0.018194374,1.20E-05,0.001239272,0.189478384,0.273766303,8.52E-07,0.049760905,0.130176922,0.002810216
94,file:/Users/chloequinto/Documents/Mallet/sample-data/FPC_txt/2012-06.txt,0.083146144,7.39E-05,0.005046203,0.016880256,0.037680534,0.013883548,0.19203037,2.04E-06,8.58E-04,0.181416055,0.301412891,1.83E-06,0.058691126,0.105522459,0.003354925
95,file:/Users/chloequinto/Documents/Mallet/sample-data/FPC_txt/2012-12.txt,0.06786171,6.21E-06,7.66E-05,0.023791993,0.025432149,0.037343519,0.100249458,4.78E-06,5.40E-06,0.19706965,0.284174487,4.30E-06,0.149980123,0.109971496,0.004028094
96,file:/Users/chloequinto/Documents/Mallet/sample-data/FPC_txt/2012-04.txt,0.091076643,2.38E-06,0.016473012,0.003836542,0.038785083,0.011767151,0.082961284,2.32E-05,0.008918845,0.205557052,0.30616824,4.44E-05,0.0727682,0.102382447,0.059235492
97,file:/Users/chloequinto/Documents/Mallet/sample-data/FPC_txt/2012-10.txt,0.080732426,6.15E-06,7.59E-05,7.84E-05,0.028517307,0.023789533,0.160647038,4.74E-06,6.06E-05,0.210365,0.293689812,4.26E-06,0.121743027,0.076183772,0.00410192
98,file:/Users/chloequinto/Documents/Mallet/sample-data/FPC_txt/2009-08.txt,0.138772356,0.115916089,9.33E-04,0.038360865,0.017701426,2.12E-04,0.013867967,8.13E-07,0.006860189,0.213975455,0.255521592,0.005161786,0.075253339,0.116512694,9.51E-04
99,file:/Users/chloequinto/Documents/Mallet/sample-data/FPC_txt/2010-01.txt,0.124709927,0.058706925,0.001578816,0.1206488,0.02895212,5.40E-05,0.015884463,6.34E-07,0.001917137,0.188749205,0.253509138,6.89E-04,0.053260674,0.148985018,0.00235442
100,file:/Users/chloequinto/Documents/Mallet/sample-data/FPC_txt/2009-09.txt,0.124170063,0.113556372,0.00219938,0.117785712,0.019550513,0.003944439,0.006282344,1.92E-05,0.002086581,0.18576474,0.247445737,0.002233409,0.046795412,0.126712631,0.001453504
101,file:/Users/chloequinto/Documents/Mallet/sample-data/FPC_txt/2012-11.txt,0.124253271,3.77E-04,0.002200265,0.017389929,0.044114268,0.143808002,0.046897957,0.00162956,4.50E-06,0.227350595,0.270226949,3.58E-06,0.081188956,0.039478168,0.00107728
102,file:/Users/chloequinto/Documents/Mallet/sample-data/FPC_txt/2012-05.txt,0.098331887,8.85E-05,0.004638738,0.006840228,0.039713652,0.01024111,0.131640883,0.002115198,3.04E-05,0.188041373,0.315561658,3.01E-05,0.078854397,0.082038852,0.041833105
103,file:/Users/chloequinto/Documents/Mallet/sample-data/FPC_txt/2012-01.txt,0.09263565,2.01E-06,0.003276918,0.038002978,0.016799194,0.006798705,0.041712747,0.003343988,3.99E-04,0.200926487,0.321781192,1.28E-04,0.039767128,0.116750448,0.117675463
104,file:/Users/chloequinto/Documents/Mallet/sample-data/FPC_txt/2015-08.txt,0.069208321,5.21E-04,0.055024353,1.28E-05,0.00903635,0.139840146,0.081126649,0.004356155,2.95E-06,0.327704404,0.259179046,2.34E-06,0.024722734,0.028374041,8.89E-04
105,file:/Users/chloequinto/Documents/Mallet/sample-data/FPC_txt/2010-04.txt,0.157256287,0.027104377,0.053111024,0.141993946,0.032610351,2.11E-06,0.009760605,6.42E-04,0.004269076,0.21369464,0.222211436,0.001113424,0.032971314,0.100574874,0.002684965
106,file:/Users/chloequinto/Documents/Mallet/sample-data/FPC_txt/2010-10.txt,0.135504812,0.015304499,0.00597399,0.087146373,0.016671143,1.70E-04,0.016536767,0.074701802,1.08E-06,0.210214201,0.225875672,3.43E-05,0.11544341,0.092933291,0.003488282
107,file:/Users/chloequinto/Documents/Mallet/sample-data/FPC_txt/2010-11.txt,0.147357525,0.008376408,0.009221575,0.068315864,0.021444718,0.003506541,0.013500147,0.072334797,0.001609078,0.213439535,0.256391293,0.001314721,0.075871915,0.092485537,0.014830347
108,file:/Users/chloequinto/Documents/Mallet/sample-data/FPC_txt/2010-05.txt,0.184649106,0.033552169,0.077946681,0.095493023,0.028032735,1.71E-06,0.008871471,0.009090216,0.00597478,0.191900157,0.227255724,9.08E-04,0.041934068,0.092922892,0.001467564
109,file:/Users/chloequinto/Documents/Mallet/sample-data/FPC_txt/2015-09.txt,0.085177777,7.68E-06,0.144858322,0.020334496,0.049577004,0.076546451,0.022912833,5.92E-06,6.69E-06,0.236141134,0.237740842,5.32E-06,0.076460973,0.050072977,1.52E-04
110,file:/Users/chloequinto/Documents/Mallet/sample-data/FPC_txt/2012-02.txt,0.096019815,2.02E-06,0.001168837,0.019417576,0.01947924,0.004599202,0.030444966,0.005775523,1.76E-06,0.209170801,0.31207018,1.40E-06,0.058358142,0.139719025,0.103771517
111,file:/Users/chloequinto/Documents/Mallet/sample-data/FPC_txt/2010-07.txt,0.244233079,0.032251949,0.027160592,0.02199534,0.035268422,1.05E-04,0.002708273,0.032651004,0.002982559,0.197729829,0.243289062,0.001046878,0.088364761,0.066903834,0.003309776
112,file:/Users/chloequinto/Documents/Mallet/sample-data/FPC_txt/2010-06.txt,0.191295269,0.040429029,0.009322107,0.033179836,0.035788737,5.06E-04,0.008092127,0.04319928,2.18E-04,0.202696478,0.266861691,6.69E-07,0.063044003,0.101708462,0.00365802
113,file:/Users/chloequinto/Documents/Mallet/sample-data/FPC_txt/2010-12.txt,0.114212607,0.00874409,0.001162264,0.096165041,0.020487457,1.09E-04,0.025310393,0.054352769,2.20E-05,0.191221699,0.253606893,5.48E-07,0.04257156,0.186824851,0.005208948
114,file:/Users/chloequinto/Documents/Mallet/sample-data/FPC_txt/2012-03.txt,0.102359117,9.04E-05,0.023996888,0.026020764,0.027678559,0.017662792,0.047246262,0.002310602,0.002244884,0.21161131,0.27808395,1.56E-04,0.073198719,0.102616921,0.084723226